{
    "camera_angle_x": 1.3751374412083124,
    "frames": [
        {
            "file_path": "D://Model_Project//data//my_dataset//images/00001.jpg",
            "rotation": 0.0,
            "transform_matrix": [
                [
                    -0.69966678281922,
                    -0.1206283923708,
                    0.7042135059937201,
                    -0.203781
                ],
                [
                    -0.03762212341799998,
                    0.99049704604406,
                    0.13228826807920002,
                    -0.870418
                ],
                [
                    -0.71347911455028,
                    0.06606361325200001,
                    -0.6975561829127199,
                    3.82441
                ],
                [
                    0.0,
                    0.0,
                    0.0,
                    1.0
                ]
            ]
        },
        {
            "file_path": "D://Model_Project//data//images/00002.jpg",
            "rotation": 0.0,
            "transform_matrix": [
                [
                    -0.7065066040849799,
                    -0.12057848195599999,
                    0.69735910602292,
                    -0.272541
                ],
                [
                    -0.0347885074216,
                    0.99010451685734,
                    0.13595149209399998,
                    -0.426996
                ],
                [
                    -0.7068512239610799,
                    0.0717905156716,
                    -0.7037101270736799,
                    3.61694
                ],
                [
                    0.0,
                    0.0,
                    0.0,
                    1.0
                ]
            ]
        },
        {
            "file_path": "D://Model_Project//data//images/Family/00003.jpg",
            "rotation": 0.0,
            "transform_matrix": [
                [
                    -0.72231369721018,
                    -0.11982536298079999,
                    0.68110693102278,
                    -0.265073
                ],
                [
                    -0.02451354269319999,
                    0.98869226473244,
                    0.1479415560432,
                    -0.32377
                ],
                [
                    -0.69113229943722,
                    0.09016374086280002,
                    -0.7170833181573799,
                    3.66679
                ],
                [
                    0.0,
                    0.0,
                    0.0,
                    1.0
                ]
            ]
        },
        {
            "file_path": "D://Model_Project//data//images/Family/00004.jpg",
            "rotation": 0.0,
            "transform_matrix": [
                [
                    -0.7460451474791199,
                    -0.12021904041,
                    0.65495298180904,
                    -0.154284
                ],
                [
                    -0.02027191430039999,
                    0.9872125699992,
                    0.1581151056828,
                    -0.348286
                ],
                [
                    -0.66558626454296,
                    0.104683902666,
                    -0.7389422139776798,
                    3.64912
                ],
                [
                    0.0,
                    0.0,
                    0.0,
                    1.0
                ]
            ]
        },
        {
            "file_path": "D://Model_Project//data//images/Family/00005.jpg",
            "rotation": 0.0,
            "transform_matrix": [
                [
                    -0.7385666391340202,
                    -0.12352692356940001,
                    0.6627682754578,
                    -0.243509
                ],
                [
                    -0.021344611306600002,
                    0.98686253126598,
                    0.16014606548580004,
                    -0.358087
                ],
                [
                    -0.6738435243942001,
                    0.10413190613780003,
                    -0.7315003851240001,
                    3.64274
                ],
                [
                    0.0,
                    0.0,
                    0.0,
                    1.0
                ]
            ]
        },
        {
            "file_path": "D://Model_Project//data//images/Family/00006.jpg",
            "rotation": 0.0,
            "transform_matrix": [
                [
                    -0.8087953059817798,
                    -0.11570153774499999,
                    0.5765950033565399,
                    0.0249517
                ],
                [
                    -0.008111994036599998,
                    0.982557037467,
                    0.1857844157138,
                    -0.352362
                ],
                [
                    -0.58803302567546,
                    0.145584366375,
                    -0.7956260771752199,
                    3.58863
                ],
                [
                    0.0,
                    0.0,
                    0.0,
                    1.0
                ]
            ]
        },
        {
            "file_path": "D://Model_Project//data//images/Family/00007.jpg",
            "rotation": 0.0,
            "transform_matrix": [
                [
                    -0.8530908621219999,
                    -0.1132107506082,
                    0.509330006456,
                    0.169317
                ],
                [
                    -0.0014682036881999982,
                    0.97669340042158,
                    0.2146341483414,
                    -0.443479
                ],
                [
                    -0.521758156532,
                    0.18235487161859998,
                    -0.83337440530042,
                    3.4648
                ],
                [
                    0.0,
                    0.0,
                    0.0,
                    1.0
                ]
            ]
        },
        {
            "file_path": "D://Model_Project//data//images/Family/00008.jpg",
            "rotation": 0.0,
            "transform_matrix": [
                [
                    -0.8527916781479998,
                    -0.11887412929979999,
                    0.508542367105,
                    -0.035508
                ],
                [
                    -0.0012909714597999986,
                    0.97422720906102,
                    0.22556524362359998,
                    -0.457016
                ],
                [
                    -0.522249682767,
                    0.1917036439964,
                    -0.8309663201869797,
                    3.31975
                ],
                [
                    0.0,
                    0.0,
                    0.0,
                    1.0
                ]
            ]
        },
        {
            "file_path": "D://Model_Project//data//images/Family/00009.jpg",
            "rotation": 0.0,
            "transform_matrix": [
                [
                    -0.8704001188900001,
                    -0.1182306284672,
                    0.47793402366439997,
                    -0.201999
                ],
                [
                    0.0021601457967999893,
                    0.96981192793712,
                    0.24384439727360002,
                    -0.542829
                ],
                [
                    -0.4923360095036,
                    0.21327511529440002,
                    -0.8438689579888803,
                    3.39823
                ],
                [
                    0.0,
                    0.0,
                    0.0,
                    1.0
                ]
            ]
        },
        {
            "file_path": "D://Model_Project//data//images/Family/00010.jpg",
            "rotation": 0.0,
            "transform_matrix": [
                [
                    -0.9108079251460002,
                    -0.1116424712644,
                    0.39744902728340004,
                    -0.127384
                ],
                [
                    0.001852525303600007,
                    0.96162433015398,
                    0.27436332265880004,
                    -0.685056
                ],
                [
                    -0.41282725058860004,
                    0.25062845664520006,
                    -0.87564825671602,
                    3.40366
                ],
                [
                    0.0,
                    0.0,
                    0.0,
                    1.0
                ]
            ]
        },
        {
            "file_path": "D://Model_Project//data//images/Family/00011.jpg",
            "rotation": 0.0,
            "transform_matrix": [
                [
                    -0.9369576394499999,
                    -0.10904193031199999,
                    0.331991431516,
                    -0.101394
                ],
                [
                    -0.006778202392000006,
                    0.95555908428,
                    0.294721645236,
                    -0.716982
                ],
                [
                    -0.34937445404399997,
                    0.273891674996,
                    -0.8960574497459999,
                    3.27449
                ],
                [
                    0.0,
                    0.0,
                    0.0,
                    1.0
                ]
            ]
        },
        {
            "file_path": "D://Model_Project//data//images/Family/00012.jpg",
            "rotation": 0.0,
            "transform_matrix": [
                [
                    -0.9650727598119999,
                    -0.1006848167596,
                    0.24185967727,
                    -0.112094
                ],
                [
                    -0.022317984259599993,
                    0.95143965041432,
                    0.307025200406,
                    -0.775569
                ],
                [
                    -0.26102766787,
                    0.29090399409400003,
                    -0.9204555468976798,
                    3.35611
                ],
                [
                    0.0,
                    0.0,
                    0.0,
                    1.0
                ]
            ]
        },
        {
            "file_path": "D://Model_Project//data//images/Family/00013.jpg",
            "rotation": 0.0,
            "transform_matrix": [
                [
                    -0.9822982767459998,
                    -0.0959583826694,
                    0.1608874251268,
                    -0.103554
                ],
                [
                    -0.04022026961019999,
                    0.94684551226542,
                    0.31916449937096,
                    -0.822313
                ],
                [
                    -0.1829620307084,
                    0.30704337892504,
                    -0.9339442556645798,
                    3.32207
                ],
                [
                    0.0,
                    0.0,
                    0.0,
                    1.0
                ]
            ]
        },
        {
            "file_path": "D://Model_Project//data//images/Family/00014.jpg",
            "rotation": 0.0,
            "transform_matrix": [
                [
                    -0.990258864084,
                    -0.0930036647314,
                    0.1036057375782,
                    -0.16429
                ],
                [
                    -0.0546758436978,
                    0.94415112208422,
                    0.32494478164984003,
                    -0.822982
                ],
                [
                    -0.12804055071940001,
                    0.31611529123416,
                    -0.94003897687578,
                    3.24942
                ],
                [
                    0.0,
                    0.0,
                    0.0,
                    1.0
                ]
            ]
        },
        {
            "file_path": "D://Model_Project//data//images/Family/00015.jpg",
            "rotation": 0.0,
            "transform_matrix": [
                [
                    -0.99712079376,
                    -0.069392945924,
                    -0.030617335048000002,
                    -0.0794898
                ],
                [
                    -0.0756290465752,
                    0.94024085578112,
                    0.33200521172383995,
                    -0.834979
                ],
                [
                    0.005748866286400001,
                    0.33336441374816,
                    -0.94278190732288,
                    3.32637
                ],
                [
                    0.0,
                    0.0,
                    0.0,
                    1.0
                ]
            ]
        },
        {
            "file_path": "D://Model_Project//data//images/Family/00016.jpg",
            "rotation": 0.0,
            "transform_matrix": [
                [
                    -0.9929874020339999,
                    -0.0655624132758,
                    -0.09836483571860001,
                    -0.220136
                ],
                [
                    -0.09470171031259998,
                    0.93921926429118,
                    0.32999803063865996,
                    -0.805145
                ],
                [
                    0.07075066787220001,
                    0.33699953134534,
                    -0.9388417136788199,
                    3.30693
                ],
                [
                    0.0,
                    0.0,
                    0.0,
                    1.0
                ]
            ]
        },
        {
            "file_path": "D://Model_Project//data//images/Family/00017.jpg",
            "rotation": 0.0,
            "transform_matrix": [
                [
                    -0.986529813402,
                    -0.057152483836199995,
                    -0.1532644432488,
                    -0.43219
                ],
                [
                    -0.10429210198619998,
                    0.94159738038128,
                    0.32018347287772,
                    -0.7914
                ],
                [
                    0.1260141001488,
                    0.33185522812227997,
                    -0.9348743705207201,
                    3.41132
                ],
                [
                    0.0,
                    0.0,
                    0.0,
                    1.0
                ]
            ]
        },
        {
            "file_path": "D://Model_Project//data//images/Family/00018.jpg",
            "rotation": 0.0,
            "transform_matrix": [
                [
                    -0.9607264616419999,
                    -0.032604675063,
                    -0.27557544164520004,
                    -0.384706
                ],
                [
                    -0.122027056071,
                    0.94154205217838,
                    0.3140190570876,
                    -0.818288
                ],
                [
                    0.24922737903480002,
                    0.33531404055239994,
                    -0.9085430230796199,
                    3.56154
                ],
                [
                    0.0,
                    0.0,
                    0.0,
                    1.0
                ]
            ]
        },
        {
            "file_path": "D://Model_Project//data//images/Family/00019.jpg",
            "rotation": 0.0,
            "transform_matrix": [
                [
                    -0.912383680072,
                    -0.0052319736512000115,
                    -0.40930523564,
                    -0.318494
                ],
                [
                    -0.1400227294912,
                    0.94358656602048,
                    0.3000634773824,
                    -0.822397
                ],
                [
                    0.384645011272,
                    0.3310847046976,
                    -0.8616456384515201,
                    3.73903
                ],
                [
                    0.0,
                    0.0,
                    0.0,
                    1.0
                ]
            ]
        },
        {
            "file_path": "D://Model_Project//data//images/Family/00020.jpg",
            "rotation": 0.0,
            "transform_matrix": [
                [
                    -0.8503372006819998,
                    0.01432780987320001,
                    -0.526044192348,
                    -0.247553
                ],
                [
                    -0.1584703777068,
                    0.94625528656568,
                    0.2819363491176,
                    -0.829314
                ],
                [
                    0.501811635804,
                    0.3231032024424,
                    -0.8023655692163199,
                    3.86592
                ],
                [
                    0.0,
                    0.0,
                    0.0,
                    1.0
                ]
            ]
        },
        {
            "file_path": "D://Model_Project//data//images/Family/00021.jpg",
            "rotation": 0.0,
            "transform_matrix": [
                [
                    -0.8040151934099999,
                    0.024832245951999996,
                    -0.5940913430539999,
                    -0.306704
                ],
                [
                    -0.163740098432,
                    0.951252139008,
                    0.261359123264,
                    -0.770951
                ],
                [
                    0.571620804814,
                    0.30741302950399996,
                    -0.7607551788179998,
                    3.87
                ],
                [
                    0.0,
                    0.0,
                    0.0,
                    1.0
                ]
            ]
        },
        {
            "file_path": "D://Model_Project//data//images/Family/00022.jpg",
            "rotation": 0.0,
            "transform_matrix": [
                [
                    -0.7333457640360004,
                    0.042280746710199976,
                    -0.6785426159701999,
                    -0.25729
                ],
                [
                    -0.1690543703818,
                    0.95537491788422,
                    0.2422384832146,
                    -0.74801
                ],
                [
                    0.6585046416578,
                    0.2923545815494,
                    -0.6934724955557803,
                    3.98519
                ],
                [
                    0.0,
                    0.0,
                    0.0,
                    1.0
                ]
            ]
        },
        {
            "file_path": "D://Model_Project//data//images/Family/00023.jpg",
            "rotation": 0.0,
            "transform_matrix": [
                [
                    -0.677846094308,
                    0.05335676541600002,
                    -0.73326414198,
                    -0.328183
                ],
                [
                    -0.17086268931600002,
                    0.958622193692,
                    0.22770462443999998,
                    -0.699435
                ],
                [
                    0.7150728548399999,
                    0.27963638922,
                    -0.6406815961000001,
                    3.90111
                ],
                [
                    0.0,
                    0.0,
                    0.0,
                    1.0
                ]
            ]
        },
        {
            "file_path": "D://Model_Project//data//images/Family/00024.jpg",
            "rotation": 0.0,
            "transform_matrix": [
                [
                    -0.584186094618,
                    0.072820503375,
                    -0.8083452476208001,
                    -0.284787
                ],
                [
                    -0.17260137610499998,
                    0.96203796518702,
                    0.21140406043099996,
                    -0.695453
                ],
                [
                    0.7930533588792,
                    0.263021075369,
                    -0.54944024269498,
                    4.06415
                ],
                [
                    0.0,
                    0.0,
                    0.0,
                    1.0
                ]
            ]
        },
        {
            "file_path": "D://Model_Project//data//images/Family/00025.jpg",
            "rotation": 0.0,
            "transform_matrix": [
                [
                    -0.4985229165459999,
                    0.08452114121240001,
                    -0.8627462957756,
                    -0.26852
                ],
                [
                    -0.1769695655356,
                    0.96435339087728,
                    0.1967341164572,
                    -0.717456
                ],
                [
                    0.8486205082724001,
                    0.25075628883879997,
                    -0.46579459747272,
                    4.12387
                ],
                [
                    0.0,
                    0.0,
                    0.0,
                    1.0
                ]
            ]
        },
        {
            "file_path": "D://Model_Project//data//images/Family/00026.jpg",
            "rotation": 0.0,
            "transform_matrix": [
                [
                    -0.41526560230800014,
                    0.09638079140299999,
                    -0.9045792276510001,
                    -0.364092
                ],
                [
                    -0.177877000557,
                    0.9665744625495,
                    0.18464436683599997,
                    -0.701589
                ],
                [
                    0.8921393437810001,
                    0.23758053914399999,
                    -0.3842411628585001,
                    4.12146
                ],
                [
                    0.0,
                    0.0,
                    0.0,
                    1.0
                ]
            ]
        },
        {
            "file_path": "D://Model_Project//data//images/Family/00027.jpg",
            "rotation": 0.0,
            "transform_matrix": [
                [
                    -0.31729709165199993,
                    0.1051088490864,
                    -0.9424825241839999,
                    -0.347726
                ],
                [
                    -0.1820660453136,
                    0.96859899178552,
                    0.169316022366,
                    -0.733059
                ],
                [
                    0.9306842287759999,
                    0.225317753694,
                    -0.28819685896648006,
                    4.18441
                ],
                [
                    0.0,
                    0.0,
                    0.0,
                    1.0
                ]
            ]
        },
        {
            "file_path": "D://Model_Project//data//images/Family/00028.jpg",
            "rotation": 0.0,
            "transform_matrix": [
                [
                    -0.2918285128739999,
                    0.1041725235864,
                    -0.9507819804176,
                    -0.618541
                ],
                [
                    -0.1791681574376,
                    0.97050127937472,
                    0.1613260290264,
                    -0.69917
                ],
                [
                    0.9395408774063999,
                    0.2174290725976,
                    -0.2645555936752799,
                    4.16304
                ],
                [
                    0.0,
                    0.0,
                    0.0,
                    1.0
                ]
            ]
        },
        {
            "file_path": "D://Model_Project//data//images/Family/00029.jpg",
            "rotation": 0.0,
            "transform_matrix": [
                [
                    -0.2123443052999998,
                    0.11400960292000001,
                    -0.9705210895239998,
                    -0.745498
                ],
                [
                    -0.1762854485,
                    0.97240689591408,
                    0.1528013663632,
                    -0.705814
                ],
                [
                    0.9611622211759999,
                    0.2035353221368,
                    -0.18638682128591988,
                    4.32809
                ],
                [
                    0.0,
                    0.0,
                    0.0,
                    1.0
                ]
            ]
        },
        {
            "file_path": "D://Model_Project//data//images/Family/00030.jpg",
            "rotation": 0.0,
            "transform_matrix": [
                [
                    -0.16469563755399985,
                    0.1161280115374,
                    -0.9794834718816,
                    -0.945896
                ],
                [
                    -0.1772743474706,
                    0.97338935332142,
                    0.14521340279880002,
                    -0.714188
                ],
                [
                    0.9702821200463999,
                    0.1975535663052,
                    -0.13972642368858001,
                    4.33236
                ],
                [
                    0.0,
                    0.0,
                    0.0,
                    1.0
                ]
            ]
        },
        {
            "file_path": "D://Model_Project//data//images/Family/00031.jpg",
            "rotation": 0.0,
            "transform_matrix": [
                [
                    -0.07785761106600009,
                    0.12206284864959999,
                    -0.9894640033376,
                    -0.947096
                ],
                [
                    -0.1784904245024,
                    0.97473443160288,
                    0.1342905803528,
                    -0.743593
                ],
                [
                    0.9808565243104,
                    0.18706536983119998,
                    -0.0541034482471201,
                    4.4402
                ],
                [
                    0.0,
                    0.0,
                    0.0,
                    1.0
                ]
            ]
        },
        {
            "file_path": "D://Model_Project//data//images/Family/00032.jpg",
            "rotation": 0.0,
            "transform_matrix": [
                [
                    0.07213083310000012,
                    0.1301249466504,
                    -0.9888704820072,
                    -0.623577
                ],
                [
                    -0.18806207200560002,
                    0.97544361690712,
                    0.11464036073879998,
                    -0.826096
                ],
                [
                    0.9795049714008001,
                    0.1776998972892,
                    0.09483112300312013,
                    4.49842
                ],
                [
                    0.0,
                    0.0,
                    0.0,
                    1.0
                ]
            ]
        },
        {
            "file_path": "D://Model_Project//data//images/Family/00033.jpg",
            "rotation": 0.0,
            "transform_matrix": [
                [
                    0.17098854457199986,
                    0.1269876530272,
                    -0.977055940256,
                    -0.568831
                ],
                [
                    -0.19083297009279998,
                    0.97714954876472,
                    0.09360326658760001,
                    -0.842764
                ],
                [
                    0.966616238192,
                    0.1704492005524,
                    0.19131477743671987,
                    4.45007
                ],
                [
                    0.0,
                    0.0,
                    0.0,
                    1.0
                ]
            ]
        },
        {
            "file_path": "D://Model_Project//data//images/Family/00034.jpg",
            "rotation": 0.0,
            "transform_matrix": [
                [
                    0.29461188578462005,
                    0.12556523114700002,
                    -0.94733114807592,
                    -0.426447
                ],
                [
                    -0.1901127882318,
                    0.97921557221534,
                    0.070667985714,
                    -0.8953
                ],
                [
                    0.93651484726008,
                    0.15928028497320001,
                    0.31236012724672,
                    4.53722
                ],
                [
                    0.0,
                    0.0,
                    0.0,
                    1.0
                ]
            ]
        },
        {
            "file_path": "D://Model_Project//data//images/Family/00035.jpg",
            "rotation": 0.0,
            "transform_matrix": [
                [
                    0.3707551395082199,
                    0.1178902475,
                    -0.9212185542511201,
                    -0.452574
                ],
                [
                    -0.18692666342160003,
                    0.98108424847374,
                    0.05032050501699999,
                    -0.901113
                ],
                [
                    0.9097253198928802,
                    0.1535435451834,
                    0.3857788281295199,
                    4.45571
                ],
                [
                    0.0,
                    0.0,
                    0.0,
                    1.0
                ]
            ]
        },
        {
            "file_path": "D://Model_Project//data//images/Family/00036.jpg",
            "rotation": 0.0,
            "transform_matrix": [
                [
                    0.41263980797400013,
                    0.11394314608919999,
                    -0.9037394310101999,
                    -0.707176
                ],
                [
                    -0.1806191241108,
                    0.98268028262582,
                    0.04142683512199999,
                    -0.89479
                ],
                [
                    0.8928072197897999,
                    0.146138325302,
                    0.42607332455582014,
                    4.45748
                ],
                [
                    0.0,
                    0.0,
                    0.0,
                    1.0
                ]
            ]
        },
        {
            "file_path": "D://Model_Project//data//images/Family/00037.jpg",
            "rotation": 0.0,
            "transform_matrix": [
                [
                    0.48258047639008006,
                    0.11067095458079998,
                    -0.8688308223434399,
                    -0.706161
                ],
                [
                    -0.1745104224528,
                    0.9842444241355,
                    0.028442833520399988,
                    -0.931914
                ],
                [
                    0.8582896774965599,
                    0.1378942425756,
                    0.49429040534542,
                    4.45603
                ],
                [
                    0.0,
                    0.0,
                    0.0,
                    1.0
                ]
            ]
        },
        {
            "file_path": "D://Model_Project//data//images/Family/00038.jpg",
            "rotation": 0.0,
            "transform_matrix": [
                [
                    0.55769106775088,
                    0.10681095814100001,
                    -0.82314775742708,
                    -0.616165
                ],
                [
                    -0.16783878685660003,
                    0.98571228761366,
                    0.014192679244999992,
                    -0.932061
                ],
                [
                    0.81290279428892,
                    0.1302409679734,
                    0.56764995601878,
                    4.42718
                ],
                [
                    0.0,
                    0.0,
                    0.0,
                    1.0
                ]
            ]
        },
        {
            "file_path": "D://Model_Project//data//images/Family/00039.jpg",
            "rotation": 0.0,
            "transform_matrix": [
                [
                    0.6757934869928799,
                    0.09988689882840002,
                    -0.7302916355103601,
                    -0.345194
                ],
                [
                    -0.1535456653428,
                    0.9881172127703,
                    -0.006935866124399996,
                    -0.953398
                ],
                [
                    0.72092093471364,
                    0.1168203108492,
                    0.6831003740814199,
                    4.49548
                ],
                [
                    0.0,
                    0.0,
                    0.0,
                    1.0
                ]
            ]
        },
        {
            "file_path": "D://Model_Project//data//images/Family/00040.jpg",
            "rotation": 0.0,
            "transform_matrix": [
                [
                    0.73973066928758,
                    0.08810936428820001,
                    -0.66710998055918,
                    -0.290229
                ],
                [
                    -0.1381661820806,
                    0.99015502723836,
                    -0.022430897439799993,
                    -0.924211
                ],
                [
                    0.65856593623282,
                    0.1087647872954,
                    0.74462176274678,
                    4.36142
                ],
                [
                    0.0,
                    0.0,
                    0.0,
                    1.0
                ]
            ]
        },
        {
            "file_path": "D://Model_Project//data//images/Family/00041.jpg",
            "rotation": 0.0,
            "transform_matrix": [
                [
                    0.79476828486648,
                    0.0791900305604,
                    -0.60172442185092,
                    -0.34568
                ],
                [
                    -0.1223687199348,
                    0.99199811358966,
                    -0.031074712321399994,
                    -0.895963
                ],
                [
                    0.5944486833810799,
                    0.0983294484078,
                    0.79809902289918,
                    4.29492
                ],
                [
                    0.0,
                    0.0,
                    0.0,
                    1.0
                ]
            ]
        },
        {
            "file_path": "D://Model_Project//data//images/Family/00042.jpg",
            "rotation": 0.0,
            "transform_matrix": [
                [
                    0.8426933695595,
                    0.06817703358800001,
                    -0.5340598084006,
                    -0.320159
                ],
                [
                    -0.105625785916,
                    0.99360815762438,
                    -0.03982494940039999,
                    -0.869265
                ],
                [
                    0.5279310373594001,
                    0.0899706915404,
                    0.84450825646488,
                    4.17653
                ],
                [
                    0.0,
                    0.0,
                    0.0,
                    1.0
                ]
            ]
        },
        {
            "file_path": "D://Model_Project//data//images/Family/00043.jpg",
            "rotation": 0.0,
            "transform_matrix": [
                [
                    0.8583955478375,
                    0.06107511522380001,
                    -0.5093394986659,
                    -0.501916
                ],
                [
                    -0.0943396317962,
                    0.99474773979612,
                    -0.039710968741,
                    -0.825989
                ],
                [
                    0.5042389596941,
                    0.082138647823,
                    0.85964883928262,
                    3.97414
                ],
                [
                    0.0,
                    0.0,
                    0.0,
                    1.0
                ]
            ]
        },
        {
            "file_path": "D://Model_Project//data//images/Family/00044.jpg",
            "rotation": 0.0,
            "transform_matrix": [
                [
                    0.90654415526,
                    0.0562023596306,
                    -0.4183527566622,
                    -0.480027
                ],
                [
                    -0.0823834588574,
                    0.99559462198502,
                    -0.044769590697600004,
                    -0.770221
                ],
                [
                    0.4139935989138,
                    0.0750509514696,
                    0.9071806292810201,
                    3.80912
                ],
                [
                    0.0,
                    0.0,
                    0.0,
                    1.0
                ]
            ]
        },
        {
            "file_path": "D://Model_Project//data//images/Family/00045.jpg",
            "rotation": 0.0,
            "transform_matrix": [
                [
                    0.94246660906158,
                    0.045440087774600006,
                    -0.33119768269856,
                    -0.411834
                ],
                [
                    -0.06470845344500001,
                    0.9967788318635,
                    -0.047379080680000005,
                    -0.745666
                ],
                [
                    0.32797793013344,
                    0.0660844887728,
                    0.94237112302592,
                    3.70705
                ],
                [
                    0.0,
                    0.0,
                    0.0,
                    1.0
                ]
            ]
        },
        {
            "file_path": "D://Model_Project//data//images/Family/00046.jpg",
            "rotation": 0.0,
            "transform_matrix": [
                [
                    0.97471855563192,
                    0.0324449096388,
                    -0.22106801484036,
                    -0.396223
                ],
                [
                    -0.045186168646799994,
                    0.9975810702023,
                    -0.052822521070599995,
                    -0.757615
                ],
                [
                    0.21881944499963998,
                    0.061476307694599996,
                    0.97382684097038,
                    3.76242
                ],
                [
                    0.0,
                    0.0,
                    0.0,
                    1.0
                ]
            ]
        },
        {
            "file_path": "D://Model_Project//data//images/Family/00047.jpg",
            "rotation": 0.0,
            "transform_matrix": [
                [
                    0.99005046091934,
                    0.01890793636092,
                    -0.13943656513792002,
                    -0.430809
